test sample:
TCGA-C8-A26V-01Z-00-DX1.6E86DF74-D575-4969-8142-963D9DF5208F.svs
training samples:
TCGA-A1-A0SE-01Z-00-DX1.04B09232-C6C4-46EF-AA2C-41D078D0A80A.svs
TCGA-AR-A0TX-01Z-00-DX1.5BEA4E65-8CEC-49B2-9F29-DBE53E8ED46E.svs
TCGA-A2-A0CV-01Z-00-DX1.B02D017A-61CD-45FE-BB31-705CD127DDAB.svs
TCGA-B6-A0RP-01Z-00-DX1.02A55E9D-2AA9-497A-B481-85724EA813AD.svs
TCGA-E2-A153-01Z-00-DX1.CA994467-E541-4131-A9FC-DCD9944F29C4.svs
TCGA-B6-A0X5-01Z-00-DX1.02A9FF1E-EA20-4F2D-A2BB-427A287DE3FD.svs
prediction sample:
TCGA-BH-A0B6-01Z-00-DX1.4D982935-F600-4F37-ABB5-13AF74F4FDC4.svs

Epoch = 5

_________________________________________________________________
 Layer (type)                Output Shape              Param #   
=================================================================
 input_1 (InputLayer)        [(None, 224, 224, 3)]     0         
                                                                 
 layer_train (Sequential)    (None, 224, 224, 3)       0         
                                                                 
 efficientnetb0 (Functional)  (None, 2)                4052133   
                                                                 
=================================================================
Total params: 4,052,133
Trainable params: 4,010,110
Non-trainable params: 42,023
_________________________________________________________________

Hist.history()

{'loss': [1.4373371601104736,
  0.6006549000740051,
  0.4938020706176758,
  0.40070879459381104,
  0.36678797006607056],
 'accuracy': [0.8435283899307251,
  0.892508864402771,
  0.8998227119445801,
  0.8999335169792175,
  0.9020389914512634],
 'val_loss': [1.3851791620254517,
  1.0034306049346924,
  0.7233794331550598,
  0.35800355672836304,
  0.5584608912467957],
 'val_accuracy': [0.47604167461395264,
  0.4749999940395355,
  0.621874988079071,
  0.8760416507720947,
  0.8010416626930237]}

Model.evaluate()

12/12 [==============================] - 3s 246ms/step - loss: 0.3803 - accuracy: 0.8932
[0.3802680969238281, 0.8932291865348816]

Model.predict()

array([[0.9611589 , 0.03884112],
       [0.9827542 , 0.01724577],
       [0.98680496, 0.01319498],
       [0.07069263, 0.9293074 ],
       [0.98614   , 0.01385996],
       [0.10193474, 0.8980653 ],
       [0.9831275 , 0.01687249],
       [0.5315951 , 0.46840486],
       [0.9788937 , 0.02110633],
       [0.979003  , 0.02099697],
       [0.09666754, 0.9033325 ],
       [0.97772604, 0.0222739 ],
       [0.96075124, 0.03924876],
       [0.9852974 , 0.01470265],
       [0.9824225 , 0.01757752],
       [0.17864168, 0.8213583 ],
       [0.979003  , 0.02099697],
       [0.97723585, 0.02276415],
       [0.9793745 , 0.02062554],
       [0.97633046, 0.02366957],
       [0.9787788 , 0.02122123],
       [0.9797315 , 0.02026855],
       [0.979003  , 0.02099697],
       [0.9727621 , 0.02723796],
       [0.984271  , 0.01572898],
       [0.97641265, 0.02358734],
       [0.98078936, 0.01921065],
       [0.979003  , 0.02099697],
       [0.12721105, 0.87278897],
       [0.96819645, 0.03180353],
       [0.9669406 , 0.03305941],
       [0.45958063, 0.5404194 ],
       [0.9790413 , 0.02095868],
       [0.9831275 , 0.01687249],
       [0.9744106 , 0.02558942],
       [0.9900725 , 0.00992749],
       [0.98078376, 0.0192163 ],
       [0.9799706 , 0.02002946],
       [0.9870526 , 0.01294731],
       [0.98294294, 0.01705706],
       [0.845777  , 0.15422302],
       [0.09124934, 0.90875065],
       [0.12721105, 0.87278897],
       [0.9766957 , 0.02330432],
       [0.2839099 , 0.71609014],
       [0.98526865, 0.01473133],
       [0.32278   , 0.67722   ],
       [0.96075124, 0.03924876],
       [0.96965224, 0.0303478 ],
       [0.2102643 , 0.7897357 ],
       [0.9858549 , 0.01414512],
       [0.9735    , 0.02649995],
       [0.9769381 , 0.02306192],
       [0.97900945, 0.02099052],
       [0.32278   , 0.67722   ],
       [0.9774384 , 0.0225616 ],
       [0.9735424 , 0.02645757],
       [0.979003  , 0.02099697],
       [0.97900945, 0.02099058],
       [0.25532967, 0.74467033],
       [0.979003  , 0.02099697],
       [0.97903574, 0.02096431],
       [0.97900945, 0.02099052],
       [0.9851848 , 0.01481525],
       [0.97723585, 0.02276415],
       [0.98817223, 0.0118278 ],
       [0.5551235 , 0.44487646],
       [0.9825042 , 0.01749581],
       [0.9747901 , 0.02520993],
       [0.97897047, 0.02102953],
       [0.2839099 , 0.71609014],
       [0.88626057, 0.11373944],
       [0.98800176, 0.0119983 ],
       [0.97180206, 0.02819792],
       [0.51135623, 0.4886438 ],
       [0.9797315 , 0.02026855],
       [0.9791886 , 0.02081134],
       [0.7010842 , 0.2989158 ],
       [0.98667437, 0.01332555],
       [0.97902095, 0.02097908],
       [0.36740488, 0.6325951 ],
       [0.96327966, 0.03672037],
       [0.9851848 , 0.01481525],
       [0.9769381 , 0.02306192],
       [0.98357016, 0.01642992],
       [0.7642486 , 0.23575142],
       [0.9766957 , 0.02330432],
       [0.9825333 , 0.01746669],
       [0.9825333 , 0.01746669],
       [0.20166971, 0.7983303 ],
       [0.8014634 , 0.1985366 ],
       [0.36740488, 0.6325951 ],
       [0.9730837 , 0.02691636],
       [0.12196675, 0.8780333 ],
       [0.88626057, 0.11373944],
       [0.9844892 , 0.01551078],
       [0.7043807 , 0.29561925],
       [0.98680496, 0.01319498],
       [0.979003  , 0.02099697],
       [0.979003  , 0.02099697],
       [0.9870526 , 0.01294731],
       [0.98080826, 0.0191917 ],
       [0.980871  , 0.01912896],
       [0.943059  , 0.05694103],
       [0.20110205, 0.7988979 ],
       [0.9773974 , 0.02260257],
       [0.96803   , 0.03197007],
       [0.12196675, 0.8780333 ],
       [0.9844892 , 0.01551078],
       [0.979003  , 0.02099697],
       [0.96935105, 0.03064897],
       [0.96965224, 0.0303478 ],
       [0.5551235 , 0.44487646],
       [0.9824225 , 0.01757752],
       [0.09666754, 0.9033325 ],
       [0.98708576, 0.01291427],
       [0.98165554, 0.01834442],
       [0.98817223, 0.0118278 ],
       [0.98861665, 0.0113833 ],
       [0.9802091 , 0.01979089],
       [0.97611666, 0.02388337],
       [0.9805581 , 0.01944187],
       [0.98403335, 0.0159666 ],
       [0.23092517, 0.7690748 ],
       [0.23092517, 0.7690748 ],
       [0.9786976 , 0.02130244],
       [0.9788937 , 0.02110633],
       [0.9804191 , 0.01958093],
       [0.8953598 , 0.10464016],
       [0.19201599, 0.807984  ],
       [0.98076296, 0.01923698],
       [0.9885693 , 0.01143062],
       [0.9826399 , 0.01736014],
       [0.980871  , 0.01912896],
       [0.9885693 , 0.01143062],
       [0.51135623, 0.4886438 ],
       [0.93932533, 0.06067473],
       [0.98285735, 0.01714259],
       [0.9786976 , 0.02130244],
       [0.2102643 , 0.7897357 ],
       [0.9865748 , 0.0134252 ],
       [0.98614   , 0.01385996],
       [0.98608935, 0.01391066],
       [0.35977176, 0.6402283 ],
       [0.96819645, 0.03180353],
       [0.96966034, 0.03033973],
       [0.9827542 , 0.01724577],
       [0.98303634, 0.01696363],
       [0.07069263, 0.9293074 ],
       [0.98861665, 0.0113833 ],
       [0.97180206, 0.02819792],
       [0.90949434, 0.09050569],
       [0.979003  , 0.02099697],
       [0.9721762 , 0.02782386],
       [0.979003  , 0.02099697],
       [0.18097475, 0.8190252 ],
       [0.9791784 , 0.02082155],
       [0.57061034, 0.42938963],
       [0.9218741 , 0.07812595],
       [0.9787788 , 0.02122123],
       [0.979003  , 0.02099697],
       [0.9218741 , 0.07812595],
       [0.97895104, 0.02104894],
       [0.8584004 , 0.1415996 ],
       [0.90949434, 0.09050569],
       [0.9791784 , 0.02082155],
       [0.9665759 , 0.03342408],
       [0.10193474, 0.8980653 ],
       [0.7043807 , 0.29561925],
       [0.9802091 , 0.01979089],
       [0.9852974 , 0.01470265],
       [0.97723186, 0.02276821],
       [0.9830276 , 0.01697243],
       [0.9744106 , 0.02558942],
       [0.20494458, 0.7950554 ],
       [0.9677576 , 0.03224242],
       [0.97895104, 0.02104894],
       [0.97511137, 0.02488859],
       [0.8014634 , 0.1985366 ],
       [0.98551404, 0.01448592],
       [0.98165554, 0.01834442],
       [0.978994  , 0.02100594],
       [0.7010842 , 0.2989158 ],
       [0.97511137, 0.02488859],
       [0.9727621 , 0.02723796],
       [0.96735436, 0.03264562],
       [0.984271  , 0.01572898],
       [0.9804191 , 0.01958093],
       [0.9663116 , 0.03368839],
       [0.97900945, 0.02099058],
       [0.9774384 , 0.0225616 ],
       [0.35977176, 0.6402283 ],
       [0.9805581 , 0.01944187],
       [0.97903574, 0.02096431],
       [0.57061034, 0.42938963],
       [0.98708576, 0.01291427],
       [0.14735577, 0.8526442 ],
       [0.9865748 , 0.0134252 ],
       [0.14735577, 0.8526442 ],
       [0.18097475, 0.8190252 ],
       [0.9829365 , 0.01706349],
       [0.20110205, 0.7988979 ],
       [0.20166971, 0.7983303 ],
       [0.9663116 , 0.03368839],
       [0.97617173, 0.02382825],
       [0.9799706 , 0.02002946],
       [0.9721762 , 0.02782386],
       [0.97772604, 0.0222739 ],
       [0.96994007, 0.03005997],
       [0.97586083, 0.02413915],
       [0.09124934, 0.90875065],
       [0.9778953 , 0.02210467],
       [0.97897047, 0.02102953],
       [0.845777  , 0.15422302],
       [0.96327966, 0.03672037],
       [0.9778953 , 0.02210467],
       [0.979003  , 0.02099697],
       [0.97900164, 0.02099833],
       [0.9790413 , 0.02095868],
       [0.9843891 , 0.01561081],
       [0.98028564, 0.0197144 ],
       [0.8953598 , 0.10464016],
       [0.98280245, 0.0171976 ],
       [0.11990009, 0.8800999 ],
       [0.98078936, 0.01921065],
       [0.98294294, 0.01705706],
       [0.20494458, 0.7950554 ],
       [0.98080826, 0.0191917 ],
       [0.98078376, 0.0192163 ],
       [0.97900164, 0.02099833],
       [0.96493953, 0.03506051],
       [0.91237664, 0.08762331],
       [0.98028564, 0.0197144 ],
       [0.98332167, 0.01667836],
       [0.98303634, 0.01696363],
       [0.97657096, 0.02342899],
       [0.9900725 , 0.00992749],
       [0.97617173, 0.02382825],
       [0.8584004 , 0.1415996 ],
       [0.979003  , 0.02099697],
       [0.96966034, 0.03033973],
       [0.96803   , 0.03197007],
       [0.9734342 , 0.02656584],
       [0.98634595, 0.01365401],
       [0.98634595, 0.01365401],
       [0.9791886 , 0.02081134],
       [0.98357016, 0.01642992],
       [0.979003  , 0.02099697],
       [0.9730837 , 0.02691636],
       [0.9678517 , 0.03214828],
       [0.9678517 , 0.03214828],
       [0.9858549 , 0.01414512],
       [0.10169505, 0.89830494],
       [0.25532967, 0.74467033],
       [0.98076296, 0.01923698],
       [0.11990009, 0.8800999 ]], dtype=float32)
type(matrix)

